,0_bdod_0-5cm_mean,0_bdod_100-200cm_mean,0_bdod_15-30cm_mean,0_bdod_30-60cm_mean,0_bdod_5-15cm_mean,0_bdod_60-100cm_mean,1_cec_0-5cm_mean,1_cec_100-200cm_mean,1_cec_15-30cm_mean,1_cec_30-60cm_mean,1_cec_5-15cm_mean,1_cec_60-100cm_mean,2_cfvo_0-5cm_mean,2_cfvo_100-200cm_mean,2_cfvo_15-30cm_mean,2_cfvo_30-60cm_mean,2_cfvo_5-15cm_mean,2_cfvo_60-100cm_mean,3_clay_0-5cm_mean,3_clay_100-200cm_mean,3_clay_15-30cm_mean,3_clay_30-60cm_mean,3_clay_5-15cm_mean,3_clay_60-100cm_mean,4_nitrogen_0-5cm_mean,4_nitrogen_100-200cm_mean,4_nitrogen_15-30cm_mean,4_nitrogen_30-60cm_mean,4_nitrogen_5-15cm_mean,4_nitrogen_60-100cm_mean,5_ocd_0-5cm_mean,5_ocd_100-200cm_mean,5_ocd_15-30cm_mean,5_ocd_30-60cm_mean,5_ocd_5-15cm_mean,5_ocd_60-100cm_mean,6_soc_0-5cm_mean,6_soc_100-200cm_mean,6_soc_15-30cm_mean,6_soc_30-60cm_mean,6_soc_5-15cm_mean,6_soc_60-100cm_mean,7_phh2o_0-5cm_mean,7_phh2o_100-200cm_mean,7_phh2o_15-30cm_mean,7_phh2o_30-60cm_mean,7_phh2o_5-15cm_mean,7_phh2o_60-100cm_mean,8_sand_0-5cm_mean,8_sand_100-200cm_mean,8_sand_15-30cm_mean,8_sand_30-60cm_mean,8_sand_5-15cm_mean,8_sand_60-100cm_mean,9_silt_0-5cm_mean,9_silt_100-200cm_mean,9_silt_15-30cm_mean,9_silt_30-60cm_mean,9_silt_5-15cm_mean,9_silt_60-100cm_mean,Annual Mean Temperature,Mean Diurnal Range,Isothermality,Temperature Seasonality,Max Temperature of Warmest Month,Min Temperature of Coldest Month,Temperature Annual Range,Mean Temp of Wettest Quarter,Mean Temp of Driest Quarter,Mean Temp of Warmest Quarter,Mean Temp of Coldest Quarter,Annual Precipitation,Precipitation of Wettest Month,Precipitation of Driest Month,Precipitation Seasonality,Precipitation of Wettest Quarter,Precipitation of Driest Quarter,Precipitation of Warmest Quarter,Precipitation of Coldest Quarter
0_bdod_0-5cm_mean,0.0,0.07401851073401855,0.16434994933373565,0.10168417863619156,0.25564869021192094,0.08195783779384286,0.03348128315325355,0.012623224657116499,0.015740896219209648,0.01484603552462215,0.02361819417269935,0.0130622687599358,0.008035789270823851,0.00993596632315745,0.0080999028560657,0.011893285818796801,0.01242182344132475,0.00709353787413755,0.0137753696742305,0.0145612827232804,0.0151311204724221,0.0188939481852087,0.01248547454283855,0.02018527096410265,0.07702813443095095,0.04130523821106115,0.0606901221286719,0.04639606332183125,0.0719715364779559,0.03786564603648275,0.089383854700339,0.0195218008387454,0.06405858501665355,0.0375577665680542,0.0750470673870881,0.016612400954467303,0.09264714606429181,0.04853151717594735,0.07851891901223254,0.0590811336236342,0.09617661993933885,0.05259120783842795,0.0444632356921208,0.036178093979836,0.04218151289835735,0.03446602433314145,0.03963935235135145,0.0347035732516071,0.0111888044052419,0.01346068102293215,0.0076357839311724,0.012575106731740851,0.0128999431960635,0.0115542288305302,0.01053787142233055,0.01281441613283135,0.0128218229019637,0.01268583775454105,0.01059109085374495,0.01155520226528525,0.05253154146678955,0.04794955527761835,0.0623282539988643,0.0528067879299378,0.08284041124862485,0.05910298266100545,0.03547750175681405,0.0547502811237189,0.0570391446641559,0.0828125274431739,0.0565321042402589,0.05253120531823145,0.04475198331524795,0.046140842169763455,0.046923254830527256,0.0461870600778501,0.0534621342885579,0.056783112966459104,0.04377256103689655
0_bdod_100-200cm_mean,0.07401851073401855,0.0,0.1308186462141325,0.2556351454937209,0.10214010374309265,0.4016971083179878,0.012227365608526101,0.01857441572603805,0.014184973710808301,0.013474649708169799,0.017728704367710547,0.01228998452292105,0.02208199093226915,0.0191478437660172,0.01869611193664155,0.017449318557612052,0.0162210058522889,0.0192175869431934,0.0148458678862609,0.0183042940614319,0.01282595750029805,0.01385529553872995,0.010457493516305049,0.01637327420962545,0.02262184490276605,0.016768265419408,0.024543348379022,0.0189108612615176,0.0242749117978762,0.01543462182657865,0.03491921473334235,0.0110241056831702,0.021827052560444753,0.02394447851561965,0.0340596696526157,0.017011756244750202,0.0269967056388232,0.0255076637028733,0.0290109087258487,0.02771022896363545,0.0298298165204826,0.0240143233171644,0.03601495911461765,0.040932283250886756,0.041352728598966146,0.03909412050700105,0.03619797321788615,0.041275719408862,0.0177441834885972,0.016535470269847252,0.0170308988641934,0.0148904851612064,0.0159724700683901,0.01606942470813755,0.0206017598133623,0.0155371331203121,0.0179007167265443,0.017974562601651402,0.018157185842583252,0.01629621264165065,0.0420227673897889,0.0318228112839979,0.05560902492371765,0.06298188488894799,0.03976431135867,0.0539687525736526,0.0545902061528672,0.0359549936423498,0.0455103980023598,0.0376472789211128,0.05206196193217645,0.06470875830452094,0.06326879872697065,0.0282937852736987,0.038746995086090544,0.06597635030232071,0.036658248118513106,0.0556781808526,0.03750716598172135
0_bdod_15-30cm_mean,0.16434994933373565,0.1308186462141325,0.0,0.19394593021823994,0.25508687265852364,0.15390453160062473,0.0117370336670025,0.0117337783231881,0.01288286296183695,0.01010224312389895,0.0168308520359046,0.008689744058019401,0.00880610813618335,0.02025909197295095,0.0190402167568714,0.02077489629976495,0.0142842105152209,0.02072588611573195,0.0123570533363237,0.0123496299207675,0.00989585903088565,0.0136436284298626,0.0076011605503018,0.01220242830160515,0.0404838820252156,0.02201367081187295,0.0428212746682214,0.03561685925476115,0.05464228393422,0.02940373087950275,0.06273135546814221,0.018017128903897797,0.04747804341578325,0.035437476578725494,0.059444452295356595,0.01750980989838315,0.0540954694083927,0.050064637668276804,0.05943336649815755,0.0523898185243061,0.070442160506234,0.05217651710771745,0.0381979352179217,0.0381082846258196,0.039786921018694146,0.03540473450675895,0.039908523874743945,0.03289469226727595,0.021651496598902698,0.01303403674639725,0.018757371774329748,0.02045368512171685,0.019416840659070997,0.014286816106242401,0.01696425548237905,0.01966632477114425,0.01588020763915355,0.01779795681070345,0.0161193418366821,0.018350095655830102,0.03573313094169015,0.035379378116753846,0.0443870016373629,0.04990807759097315,0.04769568423742755,0.0387547960155903,0.0372428234550401,0.03590562841778845,0.04452292615245055,0.0504067839573056,0.041495075126000744,0.04293513400434415,0.04378284450749105,0.044555539973788846,0.03542504691708985,0.0481348454307504,0.04512235257051195,0.04056579079990885,0.03892656684685545
0_bdod_30-60cm_mean,0.10168417863619156,0.2556351454937209,0.19394593021823994,0.0,0.13800119585216403,0.30597143964495943,0.00569883152658395,0.0109004273736702,0.01363222749179975,0.010595802781256651,0.0161719076877416,0.01064810320963105,0.020879954594021602,0.018844068999792803,0.01860556527147685,0.0225831471820026,0.0226523461245559,0.0241380797702759,0.014081828523055749,0.0155477097356475,0.0110063716397977,0.01179439012243015,0.013692715213192,0.01367293243507805,0.0265813227021274,0.0195105363015711,0.028488616379668402,0.02593714613654565,0.032397027361599,0.02136938231378055,0.036561634914329,0.0160281252103918,0.02711978852288575,0.02297905595372375,0.04692613111339235,0.017010691883942698,0.0338711646380212,0.0370027993509321,0.042807030418268555,0.03804985466606965,0.0452658384543609,0.03886350284327235,0.0387971874709523,0.040667208562888454,0.0377943138470634,0.0400017177535707,0.03584569357771885,0.035885369985645496,0.01388846534085025,0.0208885677877199,0.0200970259472937,0.0244069394806392,0.0186028366545134,0.02380431899390915,0.016312127717484103,0.01378083186547355,0.01898770656166805,0.01685158460382565,0.0192273872208523,0.0111467086702345,0.0368048519982982,0.037322381812847305,0.054151592477588203,0.056519902265543945,0.038889319933286454,0.045545316281012244,0.043117380788402354,0.028605965905141348,0.0443912565007913,0.03925578943124995,0.0412356818741523,0.0549911937777923,0.05654464801374515,0.0321788640787803,0.033158952371044104,0.06062444181755265,0.0369840845936953,0.052425078268505204,0.034190238655643995
0_bdod_5-15cm_mean,0.25564869021192094,0.10214010374309265,0.25508687265852364,0.13800119585216403,0.0,0.11140462184770755,0.02084429140454195,0.01344975059821785,0.01447941798394115,0.0070346550019445495,0.017825252930546,0.00853835469104815,0.011297276422084099,0.018156359830928052,0.02140297630410145,0.017645146591449452,0.01380798987867465,0.016579255818037902,0.0089801516214922,0.0086152703393492,0.00833001665159585,0.011179753526665101,0.009696629531726151,0.01059980196174555,0.0546737355113138,0.03279290746043215,0.05048638699863195,0.03837456544392845,0.06221397225381135,0.03747728234230635,0.07066213286328554,0.018145905575204853,0.0566472906174018,0.03337972732231005,0.0688272665843025,0.0241589525359431,0.06856066497374791,0.04948783984444845,0.06739841387128825,0.05251640751362465,0.07589963771968365,0.050341777613950395,0.0346928755288933,0.02872306635444275,0.0352968935305829,0.0337539287808381,0.03238702999959085,0.031055876637837702,0.011062170529065149,0.00847360437400975,0.01204199586841995,0.0104227491399235,0.012308576626788251,0.01104225884034065,0.0140855090226544,0.0155687833974606,0.0133025098957077,0.01368865149991465,0.0160505553403539,0.01507226053104875,0.04118805498850655,0.045137513627967904,0.0497050404646217,0.05014918739558955,0.0631729403675135,0.046697540877695204,0.0354801266614549,0.041250277511087896,0.0509160788009795,0.0654774072001615,0.04615270910950185,0.04253451086002885,0.04848709151456845,0.04253794745107485,0.04253003080971765,0.0531133828041019,0.046537341284975456,0.047757205343978204,0.033162414226745845
0_bdod_60-100cm_mean,0.08195783779384286,0.4016971083179878,0.15390453160062473,0.30597143964495943,0.11140462184770755,0.0,0.01251437180338655,0.0124991100025615,0.0119404781547004,0.0117925990217647,0.0147076947544851,0.0092910136522053,0.02390572001615015,0.019930117239487802,0.019675296131248597,0.02266713078435095,0.0171229413850621,0.020284196402698247,0.0165951171939079,0.01396821740474315,0.01273347508202445,0.0151518089705423,0.012505848062936649,0.01682516543201725,0.027809829523481898,0.01880535214243015,0.03325717828916785,0.0215221192956179,0.02885489506741425,0.0206735428099486,0.03890220420158905,0.01251424996399195,0.0251818384817089,0.02406707592963235,0.03481184518810845,0.01836523685144615,0.026957860766410352,0.02996033307742535,0.03535111066906885,0.03205183319223455,0.035404413161947645,0.0301701281745193,0.0376157572290862,0.03896657288845695,0.033105370888289,0.03607388909966375,0.034353864353040095,0.0369234898787644,0.01584135431302095,0.0182768213650266,0.017063839065238902,0.014597602924657251,0.0187682551737683,0.01563908508387645,0.02225143304040835,0.0185307806734926,0.017388624669243548,0.01729883170898725,0.018598166773781698,0.01920901028116475,0.043629357415423495,0.03235412487762375,0.05846880736867145,0.062178827202120895,0.0381273521497382,0.05357210685591965,0.0520132874545899,0.038960426388630745,0.0491768139991421,0.04062586821566045,0.0508985511879042,0.0596508716192697,0.060462573976984055,0.034143267735372046,0.0419894817355793,0.06449292321167979,0.0394035975886328,0.05676659575727825,0.0402426791482573
1_cec_0-5cm_mean,0.03348128315325355,0.012227365608526101,0.0117370336670025,0.00569883152658395,0.02084429140454195,0.01251437180338655,0.0,0.13353875255606912,0.18422151752732385,0.1576840582992686,0.2355532945175166,0.14422962326712174,0.01371216461792705,0.00946563653324105,0.008163630199058199,0.0102941176525005,0.015437472769768049,0.012817408921431,0.0203557098625346,0.0124122347354883,0.015401452474422251,0.01806681190287575,0.0163635056310868,0.01265477644805785,0.060103964708674754,0.03967330170031095,0.04393987540882695,0.045580444357564004,0.05062168316099365,0.040549471150446506,0.0500914736787819,0.0245676209809634,0.048716482780463546,0.036012888116659744,0.05016212087707425,0.0220620525575286,0.057304446519715196,0.0297810054956715,0.03923120811174975,0.028628899718370897,0.0440250984330534,0.030087337668116748,0.0262672179772141,0.0271914330819958,0.0268430066270142,0.02663430574680575,0.027827730347232203,0.02902902821381085,0.0273727895274553,0.02128149384702455,0.02966547745135765,0.024301327962621952,0.02767912708525915,0.018779260952912602,0.0276556986788996,0.02875380970268095,0.027616926502217948,0.02736073097347165,0.029551956974031998,0.027898835021383052,0.055153570219583545,0.018455246078840602,0.06725108714696605,0.053513827590376054,0.055769827469042896,0.06060498999816655,0.04574608778104075,0.05634195108365915,0.0447361935615458,0.057448067438739356,0.0562979589849984,0.04937949351484495,0.0550471091756308,0.0273456244919977,0.04377401286974485,0.060325036749148145,0.029424813931942302,0.044731289641924146,0.04143338365725865
1_cec_100-200cm_mean,0.012623224657116499,0.01857441572603805,0.0117337783231881,0.0109004273736702,0.01344975059821785,0.0124991100025615,0.13353875255606912,0.0,0.2616395866027338,0.32240804248355964,0.2025297729932322,0.41787245827616093,0.013442459304393601,0.0079659537262056,0.006507759832678249,0.0076321258918872,0.01805367282813165,0.00727979675317025,0.01411941622641585,0.00648056386780805,0.005741842714331201,0.00588967389082665,0.0164327953122428,0.004570528556137,0.0153021094261315,0.023074208115820997,0.0171559761340664,0.02560763813116235,0.011977733569364699,0.022941408397131102,0.010051074010429,0.02789656974220615,0.02439243113234835,0.024782910486728,0.02229250038418225,0.02383725737698765,0.01354653579104975,0.01635998051028275,0.00900292333809765,0.012970848202344249,0.01177254597973645,0.01398139288011035,0.03576252595344785,0.0403181722051598,0.039316132915905896,0.0393478627333094,0.03781913036527935,0.04013260642353355,0.02302357023536695,0.0140555919050344,0.0151788638260664,0.01104864467790745,0.020881214111044398,0.00992876936673965,0.01720237391862075,0.02060078845762205,0.02186535155625095,0.01648994147788485,0.0193648795030875,0.01754576308600505,0.02708701385186095,0.01756204098703735,0.048678090336698246,0.049455129713544446,0.028348597410338648,0.039119096715757154,0.0374131278271389,0.03073781866688735,0.032075537733169956,0.036432507524824645,0.032322893672762545,0.0397501886852824,0.0424838218014007,0.0187942758845979,0.0249998268288166,0.04393212814766145,0.0250827497773124,0.029763369600062102,0.0294631913037674
1_cec_15-30cm_mean,0.015740896219209648,0.014184973710808301,0.01288286296183695,0.01363222749179975,0.01447941798394115,0.0119404781547004,0.18422151752732385,0.2616395866027338,0.0,0.38321223278618877,0.3392578472117509,0.29884308515593183,0.012436893986383,0.00802228718487985,0.012320538183397099,0.0116179481046665,0.015871843900988253,0.010670937294226999,0.00899316136324075,0.0034461607758708,0.00892137742351905,0.0075357151650783,0.0138506151557096,0.0036167678827484,0.02037117511795985,0.0273409178012414,0.024974690439253003,0.0295649238902751,0.0207466281543328,0.02897167879517535,0.02068996305712805,0.0275912654806355,0.041348169035820254,0.032594776218154,0.0345456016680428,0.02713303573020965,0.02478505098853405,0.0273617511270769,0.0219027259893634,0.021588896017719753,0.01738750156313025,0.0251689331898565,0.029451960286478653,0.04074398609632775,0.03737455415849075,0.0393285083757296,0.03591324125791345,0.0409559380839145,0.02605014906747245,0.0131518144646886,0.0212860762176812,0.0095143365650452,0.02561601224939785,0.0081736668255911,0.01863182055895595,0.0270636825504955,0.0261266054012489,0.02321595299476465,0.023132170007084403,0.0237002721550561,0.039426527656653096,0.01421632195424695,0.053607917186190304,0.04994040405776995,0.03279132116614045,0.04600263331741895,0.041606047542655095,0.04466062199852951,0.0343453135548301,0.0421171314335648,0.040850881856801,0.042972079134584104,0.04740691044398885,0.02462844061511365,0.031869912146996096,0.052461265203784205,0.02611405871238965,0.034778725784783956,0.028591198787545402
1_cec_30-60cm_mean,0.01484603552462215,0.013474649708169799,0.01010224312389895,0.010595802781256651,0.0070346550019445495,0.0117925990217647,0.1576840582992686,0.32240804248355964,0.38321223278618877,0.0,0.2623116640499075,0.39206914341939886,0.011128583010958652,0.00791661720127585,0.015022211755227,0.0068341479080752995,0.01737244497283085,0.0081226158897575,0.0130541724167581,0.0057687061417318,0.00916065606194705,0.008047577359770401,0.0125539610732929,0.0055331239121061,0.0170031849619111,0.02632255508122735,0.0207621370894868,0.02291218331553215,0.01818004263896905,0.025851731077837697,0.013175755317625899,0.02647957727074665,0.02874362942241695,0.0338432206698947,0.031785545903042445,0.0276136681032219,0.01678241679280645,0.01952383483373235,0.01704004197289485,0.0204994707853558,0.0176516704023058,0.018090141758621052,0.03402034585925965,0.04372715927296235,0.04005108794605505,0.0452464639937917,0.0406941982737642,0.044180112087498655,0.0257917766827237,0.01559166119872755,0.021716836627859247,0.0111192610168953,0.02691313442801805,0.0103045937191369,0.01888548746224615,0.0232186512347133,0.02433890198351995,0.0214990986642756,0.01905888655582695,0.0242475127369412,0.032227543527118846,0.014771700056253199,0.05080922276865975,0.049387721727325654,0.03091062874716935,0.0400862071107059,0.04037968036474105,0.03736666783786005,0.03331779171701631,0.0375032271662572,0.0355551586662609,0.04506062211587725,0.043813225738358,0.0226808259815619,0.0289885991419088,0.04879062237535085,0.0253116115943062,0.0356089549642529,0.02904750857220205
1_cec_5-15cm_mean,0.02361819417269935,0.017728704367710547,0.0168308520359046,0.0161719076877416,0.017825252930546,0.0147076947544851,0.2355532945175166,0.2025297729932322,0.3392578472117509,0.2623116640499075,0.0,0.2261474332243432,0.01810085106669065,0.008595505367595,0.0126585915505259,0.01118464860931655,0.01659073750975315,0.0099802876692646,0.0117515665010275,0.00842392282330635,0.00506575178941755,0.009609589880559249,0.01259065666307745,0.00583395429355275,0.03154709020537845,0.0345005971861361,0.032846392490847504,0.03742631275578735,0.02671844849978315,0.03600284705218895,0.03108771299962885,0.032260071831787446,0.04572874936596555,0.03868067632442125,0.0411176249529638,0.0316083482642917,0.0317638979944933,0.02921580740456605,0.03250647501732845,0.02618705183184245,0.0321323389938933,0.0259249815136146,0.026527500032703752,0.0385069854386213,0.03388446910509735,0.03655574394975325,0.02744605300321545,0.03353964299393805,0.029309269051729647,0.01426909113528705,0.0263185207742141,0.0173988419136017,0.0247466327538399,0.0155094977396351,0.02429705833956875,0.0293642055058183,0.02725499017339965,0.0249039431172753,0.02642167841038775,0.027784185563863598,0.0403828407350386,0.01360512227577695,0.0609611641381458,0.05191788301993005,0.0395990535123105,0.04726513420513085,0.0398646713812017,0.04619975823366035,0.03747865187171315,0.04838521770484755,0.046017852787333446,0.0456093884512531,0.0544632119068571,0.02318085979603135,0.034914699252595646,0.053151183382900855,0.0269724463868158,0.03913349665998235,0.0332440779267045
1_cec_60-100cm_mean,0.0130622687599358,0.01228998452292105,0.008689744058019401,0.01064810320963105,0.00853835469104815,0.0092910136522053,0.14422962326712174,0.41787245827616093,0.29884308515593183,0.39206914341939886,0.2261474332243432,0.0,0.00904930749123295,0.01028830995585195,0.00893952614060485,0.00622449272038645,0.015134195194483849,0.00856591932018745,0.0153945456539647,0.0053866997871178,0.00725006479661325,0.0126092732728787,0.0119668005986014,0.0061216382560278,0.01560892391853105,0.0197167441334863,0.0173467935889264,0.02362612085597525,0.0171098366577992,0.0228925397203058,0.0103659304966454,0.0315450089737571,0.023756807634846902,0.0284669611007453,0.023663842307608998,0.027614591479328453,0.019355973079842402,0.015483849088249499,0.01122378958356075,0.017280934029533797,0.016409805261293403,0.01197153272700575,0.0332029149433269,0.043750752071087695,0.03903711328370375,0.0443137046660199,0.03938513657627835,0.045328949466938204,0.0266203001239264,0.01503136747057065,0.02129805181438895,0.01663089640722035,0.0283929011503283,0.0147152015332376,0.021776143976934552,0.024765514836297353,0.020333643889282847,0.020730613822225248,0.0254263812328887,0.02474257304272115,0.029106395263853002,0.018776219263257753,0.048575461560557004,0.0509446432433376,0.02432890081781365,0.039025085502112755,0.030209513373473898,0.032284523784983754,0.03071280287834835,0.03779393212381855,0.03355905897609825,0.04606078096631385,0.040874818691473094,0.01805399970317025,0.0254583328995135,0.04272914056266125,0.020796267485509397,0.0302035864902364,0.0288571413172958
2_cfvo_0-5cm_mean,0.008035789270823851,0.02208199093226915,0.00880610813618335,0.020879954594021602,0.011297276422084099,0.02390572001615015,0.01371216461792705,0.013442459304393601,0.012436893986383,0.011128583010958652,0.01810085106669065,0.00904930749123295,0.0,0.16725559860999534,0.29826982240449174,0.22482206159199875,0.35381528668341944,0.1844515663341108,0.0041508436944170495,0.0036005527117477,0.00595415590499135,0.00820300640392,0.0075456976608661,0.00505994723199425,0.01253170738736145,0.0039755365120845,0.00876696875579025,0.01117802666833525,0.008854511325976599,0.00808052807749405,0.017780881048256703,0.01334431945974115,0.01609773786507345,0.00396605135234055,0.01522744208318985,0.004104257891653701,0.00786525024118185,0.0087327516251189,0.01084329678855965,0.00751526881746045,0.0149895409090662,0.009066360914035551,0.01942858257079845,0.01929814778822475,0.0158493926124312,0.019383124312550952,0.01917399353202755,0.0160888998144387,0.01128963260803105,0.00795371104372835,0.011811443267400249,0.0090599043873879,0.01537250503683735,0.00778331417114805,0.01804085962159995,0.01153706189498985,0.012731294004091901,0.01289777925106295,0.0161873619681846,0.0157153925963062,0.0199075324884709,0.010447248267111551,0.02936638275469295,0.0266705424211384,0.024411593163576648,0.0188070958192416,0.019085376599118853,0.014238692815993301,0.01984468530572115,0.020328823235463603,0.023506855729630148,0.023527640922068098,0.02273241019026635,0.0255027496791584,0.0215493565882799,0.0207475211782385,0.020518183147830653,0.02123787888321845,0.0172806272348626
2_cfvo_100-200cm_mean,0.00993596632315745,0.0191478437660172,0.02025909197295095,0.018844068999792803,0.018156359830928052,0.019930117239487802,0.00946563653324105,0.0079659537262056,0.00802228718487985,0.00791661720127585,0.008595505367595,0.01028830995585195,0.16725559860999534,0.0,0.19635161507072618,0.2566084871500567,0.16769959178485855,0.34408689519313074,0.00724514342436825,0.011630055299563,0.0114733273302251,0.0122436596265303,0.0074032996510158995,0.0088117694461664,0.0074836600943628,0.010666956721258801,0.0033215835195044502,0.0069285064952181,0.01107520644316845,0.0073760042468514,0.01599177014540535,0.00852304126552985,0.00938773266540975,0.01120354065506645,0.013416986201978301,0.00266951920373235,0.01102249865513405,0.0060126102882637495,0.008073882824637401,0.00519413643936945,0.012122556922811799,0.00636993572142475,0.01857741634475235,0.016396612073573652,0.014992366688500451,0.021929902836939102,0.0194124575588831,0.02018240920688845,0.01699541445702855,0.012284369787004399,0.0149720598984747,0.01473102296005325,0.01665397989873965,0.01355476833049445,0.01149404608218825,0.0139466367093215,0.0090268248532639,0.010557310781026799,0.010363434752036799,0.01406488740574665,0.0238004832454245,0.01272218178870085,0.031690817856461245,0.023590381850220152,0.022440779141707,0.0262425295031308,0.0191628813601609,0.01740871319624615,0.0181693868685149,0.023855216338685648,0.017152168249144402,0.022324866691511153,0.025294170913554598,0.026566502628412703,0.01885653126274,0.022303211854453553,0.02930450835118245,0.02442741708517335,0.02395861977696965
2_cfvo_15-30cm_mean,0.0080999028560657,0.01869611193664155,0.0190402167568714,0.01860556527147685,0.02140297630410145,0.019675296131248597,0.008163630199058199,0.006507759832678249,0.012320538183397099,0.015022211755227,0.0126585915505259,0.00893952614060485,0.29826982240449174,0.19635161507072618,0.0,0.29946074318904503,0.3432563748490125,0.22921738801934505,0.0090411191462347,0.008451415741911151,0.009463971189480249,0.008681124479380749,0.00707504753084055,0.00441024333388825,0.0081117348387803,0.00630983905167715,0.0094790808611145,0.00678663511727735,0.01147940122492295,0.004278653014683401,0.01457053202013665,0.008769753660806949,0.01340426143821135,0.0096913160734783,0.01444022373125565,0.00096398257671355,0.0128618863642067,0.0079382684439309,0.01028243197259915,0.00607617890562595,0.01011349585020125,0.00643466518251355,0.0115021911066516,0.015603013287797451,0.014809814480072049,0.01487774758731595,0.01217361295928725,0.013556553713012849,0.01162650822813805,0.006002999054957,0.012147517047090248,0.01607403157740895,0.01050491166526605,0.00974344183650065,0.0127296652152885,0.0111644546108265,0.011677569081678048,0.01235684156561995,0.014198205874822949,0.01375691314408475,0.021322816171734198,0.010896652036841498,0.02719392761326125,0.0256066007746016,0.0197464388804287,0.01851054525901155,0.015523826912841099,0.013927257125014799,0.01669219441279975,0.02097318368110175,0.020152358236931747,0.0212817178548698,0.018282885469063252,0.0208702936831136,0.014280170918590199,0.017797290389982852,0.01739417274736955,0.01680166837693995,0.01534280488555375
2_cfvo_30-60cm_mean,0.011893285818796801,0.017449318557612052,0.02077489629976495,0.0225831471820026,0.017645146591449452,0.02266713078435095,0.0102941176525005,0.0076321258918872,0.0116179481046665,0.0068341479080752995,0.01118464860931655,0.00622449272038645,0.22482206159199875,0.2566084871500567,0.29946074318904503,0.0,0.23911870020054546,0.3132266598306911,0.00841592241164325,0.006000628207198801,0.00573876033078525,0.0063447326515473,0.0082574644112859,0.00432918679302845,0.009732573856703449,0.008371733798698,0.00258796173521605,0.004142984087469151,0.007115806235073,0.0112874064294089,0.01601383187925485,0.0063672507888195996,0.01154121325205265,0.0065039657834444,0.0148453778038093,0.00224393901122385,0.0128784530445544,0.00943308500422825,0.0096930104918265,0.0047141948919967,0.013372505609010949,0.0016267351599120001,0.0133621075703629,0.0152087287383685,0.01085682805021305,0.0139156879348057,0.01135010320930675,0.0119436503778546,0.01713741833537375,0.0124746663426938,0.012109462981717799,0.014715731725442199,0.0166322780133903,0.014806807630228451,0.014658273526219349,0.01184611431324415,0.0144144319896466,0.01294800244513555,0.0144436943197071,0.013669396863519399,0.02378461522584975,0.012976896114445899,0.03154804973392125,0.02704734362054255,0.024346297344667547,0.028150913017483348,0.0240638842735946,0.018961581786112548,0.0200596840282532,0.02390361468947855,0.02464174659063265,0.02014151920362965,0.01870716116873265,0.02269820577385345,0.020032412563542,0.01864498384678455,0.02224453561072905,0.0171925196654582,0.0163614163706245
2_cfvo_5-15cm_mean,0.01242182344132475,0.0162210058522889,0.0142842105152209,0.0226523461245559,0.01380798987867465,0.0171229413850621,0.015437472769768049,0.01805367282813165,0.015871843900988253,0.01737244497283085,0.01659073750975315,0.015134195194483849,0.35381528668341944,0.16769959178485855,0.3432563748490125,0.23911870020054546,0.0,0.18823181954767398,0.0051086798221193,0.01092088969170775,0.00761929404627225,0.00972154795560535,0.00184721769733505,0.0066458721766098,0.0123489190319993,0.0055927938232657,0.0100294984997008,0.00936510746998865,0.01220543831222775,0.00745806115635765,0.019314067890601347,0.010919321859068298,0.0108617472390873,0.0053883438454088994,0.01735112672062215,0.0087604558804283,0.01345358238891805,0.0083757495766642,0.009711576547736599,0.01227745701059545,0.01587689354004685,0.011490940795621449,0.0131757635912166,0.018041822870654853,0.01706825394760465,0.02365421132156385,0.01372528110815125,0.0165172859685922,0.01527879937210725,0.00520757243878115,0.0095942635376662,0.0060732386132964,0.015327545471537751,0.0080066898303491,0.019138526274437698,0.01639437098413305,0.01800183209961905,0.01490302918345655,0.01609585440829535,0.0202350472950568,0.0267024285293775,0.0117538081923974,0.032286613801984845,0.033925982518110354,0.02310875719782695,0.0239946076949134,0.023944475912117298,0.0228524838331997,0.0271714956577594,0.0252518773525898,0.02857710520136315,0.02167779952549275,0.02225266493816495,0.0225631470193321,0.0209968505138291,0.022601710241156252,0.0214202856411628,0.022681857056344852,0.02160726824776775
2_cfvo_60-100cm_mean,0.00709353787413755,0.0192175869431934,0.02072588611573195,0.0241380797702759,0.016579255818037902,0.020284196402698247,0.012817408921431,0.00727979675317025,0.010670937294226999,0.0081226158897575,0.0099802876692646,0.00856591932018745,0.1844515663341108,0.34408689519313074,0.22921738801934505,0.3132266598306911,0.18823181954767398,0.0,0.0093920950953317,0.012653569570435098,0.00864528636999075,0.008493149464201,0.00990799050880315,0.0125124544746993,0.006837427701472601,0.01123655243134545,0.0038013007831915503,0.0072791812322756996,0.00764471186777545,0.007154201526461601,0.011597266220398101,0.0055961647343815,0.01129528242944075,0.009283903454353249,0.00852882454556355,0.00075099902215375,0.0106489672197164,0.0066132083553807,0.011111881512582,0.007569200051791699,0.012852917395358099,0.0039734464011331,0.017029521480177702,0.0138985692547695,0.01004995071806735,0.0208418786527858,0.01416327951242945,0.01674441766052185,0.0164900132184204,0.01326661811326215,0.01568097767227915,0.017391806744364052,0.0155246546077323,0.0157076628537476,0.015427560713546399,0.0108722302051724,0.012438457675115599,0.0134780722075016,0.01607665280983435,0.01465283768129515,0.021114977068208,0.012113059143074,0.025695777626055398,0.02091273396649015,0.02714368689640395,0.023956597432523402,0.026104955687832103,0.019278595253846002,0.018027238821140247,0.02326827134187815,0.018472293304910903,0.0225812237016445,0.02014064347492935,0.0243063190378106,0.01870148009695475,0.0224906320566534,0.0247199142593871,0.01732268150794325,0.0206189394887415
3_clay_0-5cm_mean,0.0137753696742305,0.0148458678862609,0.0123570533363237,0.014081828523055749,0.0089801516214922,0.0165951171939079,0.0203557098625346,0.01411941622641585,0.00899316136324075,0.0130541724167581,0.0117515665010275,0.0153945456539647,0.0041508436944170495,0.00724514342436825,0.0090411191462347,0.00841592241164325,0.0051086798221193,0.0093920950953317,0.0,0.1112144937139399,0.20653413601676165,0.13592203654658852,0.3366557760258626,0.12124954003675989,0.0323338732910285,0.01768150937677375,0.025123999933473598,0.023356032990750952,0.0212155823715758,0.0204641799522405,0.01983803308629145,0.00741852637886785,0.010815933875244151,0.01722209617286535,0.027416734549351097,0.0084151568304519,0.02345224211818315,0.0075822200768378995,0.0153457272109957,0.012585146889325351,0.020195601373179252,0.01225173534935605,0.016340798877322,0.0179123436921777,0.0154342657505156,0.01625892980338925,0.017904818380983352,0.015447614738743,0.0645972233740212,0.0702477685745095,0.07051171564982595,0.06484499421826415,0.06280572669904386,0.07176485158682025,0.0174121031437817,0.013888613592346,0.01562665996293485,0.0119102229081789,0.0165080472923581,0.012618916292014549,0.022160758683622002,0.01477057720732875,0.036041749786912394,0.03723799598002115,0.026986233706214398,0.03691303216759145,0.028542614320316448,0.028005440535821102,0.02013382366460805,0.0335765460461925,0.032063349694749804,0.03281693742870265,0.030906432280941948,0.02910911883020325,0.024587188670203652,0.03858371800861715,0.0269801132074168,0.04064470209447965,0.024096414992180452
3_clay_100-200cm_mean,0.0145612827232804,0.0183042940614319,0.0123496299207675,0.0155477097356475,0.0086152703393492,0.01396821740474315,0.0124122347354883,0.00648056386780805,0.0034461607758708,0.0057687061417318,0.00842392282330635,0.0053866997871178,0.0036005527117477,0.011630055299563,0.008451415741911151,0.006000628207198801,0.01092088969170775,0.012653569570435098,0.1112144937139399,0.0,0.1646556802700633,0.2676714901543915,0.11246345957327625,0.33790135961122536,0.0256051497841846,0.01270096507484765,0.016050217142242203,0.01761315154086225,0.0185994574590465,0.013593958277577499,0.0280656950432609,0.00881070417998775,0.0124996587284202,0.008900206724248499,0.01783694168030725,0.0065867736080653,0.0279764780812362,0.0089611097213247,0.01313020772243165,0.011331283516080051,0.020577057435883353,0.008167743206513051,0.02348979341159815,0.02063981186022345,0.016981637719882252,0.020560190105481803,0.01672223634528625,0.0181691069727406,0.0267499445568879,0.0612595036111074,0.0381742025720332,0.0509486856196081,0.0265608424013642,0.0594354834484989,0.00856532763786445,0.01075641902105675,0.01113995738743025,0.01337407587350895,0.0094216921391549,0.01375862987960445,0.035628203624171004,0.0140107242300354,0.0331812011090114,0.0416334795654286,0.034092155491874554,0.041350492212710505,0.038779429893040854,0.0301687623108787,0.0313119433977427,0.0413570672769738,0.037140644969290995,0.03657172709380195,0.04170583666420395,0.02151586435817035,0.028712099583339798,0.04619551424762755,0.0200449412664338,0.03691567851892705,0.01627436900818345
3_clay_15-30cm_mean,0.0151311204724221,0.01282595750029805,0.00989585903088565,0.0110063716397977,0.00833001665159585,0.01273347508202445,0.015401452474422251,0.005741842714331201,0.00892137742351905,0.00916065606194705,0.00506575178941755,0.00725006479661325,0.00595415590499135,0.0114733273302251,0.009463971189480249,0.00573876033078525,0.00761929404627225,0.00864528636999075,0.20653413601676165,0.1646556802700633,0.0,0.22223793525243546,0.22007974278349174,0.18866490775854178,0.023997283548834597,0.0152595319127453,0.018447690945862752,0.01540144615980735,0.022798968696195403,0.0199411455276233,0.02101216320727005,0.0022165586039506998,0.0101109079503222,0.006766133673725951,0.01909656798134075,0.008145722510259999,0.02192132417823695,0.0075950971613646,0.00933844139788085,0.00868971957622645,0.01760179769506515,0.0075166452293062,0.0176382466717133,0.0158785656164615,0.018028639115685148,0.015940713449088748,0.01249158529615865,0.01316785574068895,0.04073438428566935,0.06349514165483874,0.059819256231843795,0.0604801361400676,0.04752347286365375,0.0639405182853694,0.008022105772881951,0.0155121335717332,0.014720608084592551,0.01527627408044525,0.0100052637211876,0.01618757579884035,0.02476826392821735,0.0124234002938668,0.02985829263221005,0.036069263719174,0.02605520558377675,0.03352380029561975,0.0280839469381865,0.0255848584415493,0.025549772374183002,0.03152973910897795,0.030721579664745702,0.02921726688489435,0.031159497640659298,0.02211394212757685,0.022695265024031998,0.040177041129688354,0.025376586777770098,0.0360511576226408,0.01910519732745655
3_clay_30-60cm_mean,0.0188939481852087,0.01385529553872995,0.0136436284298626,0.01179439012243015,0.011179753526665101,0.0151518089705423,0.01806681190287575,0.00588967389082665,0.0075357151650783,0.008047577359770401,0.009609589880559249,0.0126092732728787,0.00820300640392,0.0122436596265303,0.008681124479380749,0.0063447326515473,0.00972154795560535,0.008493149464201,0.13592203654658852,0.2676714901543915,0.22223793525243546,0.0,0.1353280067682362,0.3523345444072994,0.03719594305034035,0.0159489912009745,0.019130610600197398,0.0212207557297626,0.0231294211708349,0.0154267195212979,0.02585487246022275,0.005112907777701899,0.0101047578922068,0.01132117699608215,0.015969816607766897,0.0036268539417397497,0.02577567556173585,0.0051691542090475506,0.0172803785941746,0.0131253055185639,0.01966817294034565,0.0060672974525971,0.0220677292339049,0.01875186448539075,0.0176525814183148,0.0154907773203591,0.017500520922997552,0.02016449152170605,0.03465236100092125,0.0610472102611171,0.046005394058635546,0.05815867462727935,0.035205774716060956,0.0606145757384698,0.011219272661604749,0.0134628613003706,0.01282692367968085,0.01417873446683715,0.01185687339698285,0.0174569258749573,0.029632417659077898,0.014643751251406701,0.03437769816879565,0.039599535203620195,0.03383617602549745,0.039901289853706404,0.03219810909316505,0.0352634592507433,0.03098964782611675,0.039425293718927,0.035164694560649995,0.0329103571373923,0.0387035111164635,0.017003955159191002,0.025080025579513103,0.046005190506318544,0.021511649373667452,0.03585024205829805,0.01806014863533805
3_clay_5-15cm_mean,0.01248547454283855,0.010457493516305049,0.0076011605503018,0.013692715213192,0.009696629531726151,0.012505848062936649,0.0163635056310868,0.0164327953122428,0.0138506151557096,0.0125539610732929,0.01259065666307745,0.0119668005986014,0.0075456976608661,0.0074032996510158995,0.00707504753084055,0.0082574644112859,0.00184721769733505,0.00990799050880315,0.3366557760258626,0.11246345957327625,0.22007974278349174,0.1353280067682362,0.0,0.12025921443678339,0.0324923879518507,0.01446660250353985,0.01849153035492545,0.019207068413954802,0.0201612910621122,0.014304877633926499,0.02006592469486385,0.0047320088028018,0.011119996782761501,0.0163312291287928,0.01943961697451685,0.01067184138423425,0.0226255771211176,0.0064659532066135995,0.015089920596376798,0.01610376376677265,0.0172566984289938,0.0168585076966918,0.015364502830072051,0.01301511084062855,0.01063976318744155,0.01257181735160565,0.01137198255970515,0.01479866667283555,0.056676387549295146,0.06958592809322575,0.06274081822072256,0.068960431793664,0.0613488928457058,0.0700767587231144,0.0128596956116058,0.0195966715021859,0.014405264537541651,0.01611551284905445,0.018010893924576547,0.01879496495385795,0.020446000665487553,0.01241123555465665,0.0339864799233685,0.034673621693329104,0.02554405970640255,0.03672364088968695,0.027858800865934952,0.0225243492193392,0.02180975516604675,0.02878516581790215,0.0251150715386468,0.026991223128023,0.03289788605010635,0.02282405343506455,0.01808413245968435,0.034455124504781304,0.028112674653818552,0.0340182312333706,0.021571939688983452
3_clay_60-100cm_mean,0.02018527096410265,0.01637327420962545,0.01220242830160515,0.01367293243507805,0.01059980196174555,0.01682516543201725,0.01265477644805785,0.004570528556137,0.0036167678827484,0.0055331239121061,0.00583395429355275,0.0061216382560278,0.00505994723199425,0.0088117694461664,0.00441024333388825,0.00432918679302845,0.0066458721766098,0.0125124544746993,0.12124954003675989,0.33790135961122536,0.18866490775854178,0.3523345444072994,0.12025921443678339,0.0,0.030579899647133,0.013646650392040799,0.0138970850081527,0.0172415718893804,0.02258218330486965,0.012946899846138,0.029560144379536753,0.0,0.01329851731728635,0.0075756100323066,0.01638285145969215,0.008685168285677801,0.024558394138216498,0.0059997427671441995,0.0143388727262058,0.0094323677636245,0.025351845837854048,0.014296553940391251,0.0208604276741673,0.0219975155912095,0.01746436059028545,0.0178840839532177,0.019459049115935448,0.01954748975235615,0.0307472598868633,0.061864122594020854,0.03838829318410035,0.052786806630219646,0.0285126018310199,0.0619681607555325,0.007572828778987951,0.01114798113558535,0.00987419048568745,0.01294740402784105,0.007709150438603,0.015519290946405449,0.033130893711805554,0.0103796443382057,0.032864375300234,0.0403513608139371,0.03987990618238465,0.03741725973131495,0.0321631231670374,0.032985249878468945,0.029728997156378,0.0390462490315204,0.033311041910082745,0.035326204418431054,0.04426729697380475,0.0187936132489731,0.02639923920275245,0.04955651212293775,0.01971690318939115,0.03741425679311225,0.01906500903211435
